1 - 1
2 - 1,2
6 - 1,2,3
12 - 1,2,3,4,6,12
60 - 1,2,3,4,5,6,10,12,15,20,30,60
60 - 1,2,3,4,5,6,10,12,15,20,30,60
420 - 1,2,3,4,5,6,7,10,12,14,15,20,21,28,30,35,42,60,70,84,105,140,210,420
840 - 1,2,3,4,5,6,7,8,10,12,14,15,20,21,24,28,30,35,40,42,56,60,70,84,105,120,140,168,210,280,420,840
2520 - 1,2,3,4,5,6,7,8,9,10,12,14,15,18,20,21,24,28,30,35,36,40,42,45,56,60,63,70,72,84,90,105,120,126,140,168,180,210,252,280,315,360,420,504,630,840,1260,2520
2520 - 1,2,3,4,5,6,7,8,9,10,12,14,15,18,20,21,24,28,30,35,36,40,42,45,56,60,63,70,72,84,90,105,120,126,140,168,180,210,252,280,315,360,420,504,630,840,1260,2520
