1 - 1
2 - 1,2
6 - 1,2,3
12 - 1,2,3,4,6,12
60 - 1,2,3,4,5,6,10,12,15,20,30,60
60 - 1,2,3,4,5,6,10,12,15,20,30,60
420 - 1,2,3,4,5,6,7,10,12,14,15,20,21,28,30,35,42,60,70,84,105,140,210,420
840 - 1,2,3,4,5,6,7,8,10,12,14,15,20,21,24,28,30,35,40,42,56,60,70,84,105,120,140,168,210,280,420,840
2520 - 1,2,3,4,5,6,7,8,9,10,12,14,15,18,20,21,24,28,30,35,36,40,42,45,56,60,63,70,72,84,90,105,120,126,140,168,180,210,252,280,315,360,420,504,630,840,1260,2520
2520 - 1,2,3,4,5,6,7,8,9,10,12,14,15,18,20,21,24,28,30,35,36,40,42,45,56,60,63,70,72,84,90,105,120,126,140,168,180,210,252,280,315,360,420,504,630,840,1260,2520
27720 - 1,2,3,4,5,6,7,8,9,10,11,12,14,15,18,20,21,22,24,28,30,33,35,36,40,42,44,45,55,56,60,63,66,70,72,77,84,88,90,99,105,110,120,126,132,140,154,165,168,180,198,210,220,231,252,264,280,308,315,330,360,385,396,420,440,462,495,504,616,630,660,693,770,792,840,924,990,1155,1260,1320,1386,1540,1848,1980,2310,2520,2772,3080,3465,3960,4620,5544,6930,9240,13860,27720
